1.000000000000000000e+00
1.450595444127132971e+01
1.000205592105263136e-01
2.000000000000000000e+00
1.450854612008119204e+01
1.585977564102564741e-01
3.000000000000000000e+00
1.450854602226844214e+01
2.985977564102564874e-01
4.000000000000000000e+00
1.451016015272874071e+01
3.075961538461539080e-01
5.000000000000000000e+00
1.450370282393235399e+01
3.101602564102564075e-01
7.000000000000000000e+00
1.450693157391670418e+01
4.095993589743590069e-01
8.000000000000000000e+00
1.450693135383801646e+01
5.995993589743590091e-01
1.000000000000000000e+01
1.450854577773656651e+01
6.985977564102564541e-01
1.500000000000000000e+01
1.450693150055714220e+01
6.995993589743590313e+00
3.100000000000000000e+01
3.306781573173327438e+00
9.995993589743590313e-02
3.500000000000000000e+01
2.991838406293819919e+00
9.995993589743590313e-02
1.000000000000000000e+00
2.850732204241630541e+00
1.630608974358974395e-01
4.000000000000000000e+00
4.508108114584898019e+00
1.000600961538461592e-01
1.000000000000000000e+00
2.697915541820036900e+00
1.303084935897435848e-01
4.000000000000000000e+00
4.509791203034230200e+00
1.077724358974359031e-01
8.000000000000000000e+00
7.224031558403601672e+00
1.000600961538461592e-01
1.100000000000000000e+01
6.146420686672895428e+00
9.995993589743590313e-02
1.000000000000000000e+00
1.960475527323209288e+00
3.218149038461538547e-01
4.000000000000000000e+00
2.320280007826976298e+00
1.843950320512820484e-01
8.000000000000000000e+00
2.301296460322844517e+00
1.833934294871794879e-01
1.100000000000000000e+01
2.324608552150237095e+00
1.399238782051281937e-01
1.500000000000000000e+01
2.296833680226252561e+00
2.014222756410256332e-01
1.800000000000000000e+01
2.359009913909129619e+00
1.547475961538461453e-01
2.100000000000000000e+01
2.389630391047551150e+00
1.245993589743589758e-01
1.000000000000000000e+00
2.017012137633103386e+00
2.838541666666666852e-01
4.000000000000000000e+00
2.162492171311989786e+00
2.444911858974359031e-01
4.000000000000000000e+00
2.155895367646828653e+00
2.168469551282051211e-01
8.000000000000000000e+00
2.268270853238227858e+00
1.646634615384615363e-01
1.100000000000000000e+01
2.308574933272141472e+00
1.325120192307692180e-01
1.000000000000000000e+00
1.821102793400104281e+00
3.665865384615384359e-01
4.000000000000000000e+00
4.564654717078576063e+00
1.001602564102564152e-01
8.000000000000000000e+00
5.269811507983085619e+00
1.000600961538461592e-01
1.000000000000000000e+00
1.720662499085450881e+00
4.086538461538461453e-01
4.000000000000000000e+00
3.852370219352917680e+00
1.631610576923076816e-01
8.000000000000000000e+00
6.855763178605299935e+00
1.004607371794871834e-01
1.000000000000000000e+00
1.730239846767523293e+00
4.015424679487179516e-01
4.000000000000000000e+00
1.017674756661439517e+01
2.171474358974359031e-01
4.000000000000000000e+00
3.986635446548461914e+00
1.290064102564102699e-01
1.000000000000000000e+00
2.016873549192379489e+00
2.602163461538461453e-01
4.000000000000000000e+00
3.874945897322434440e+00
1.304086538461538547e-01
8.000000000000000000e+00
5.511707623799641631e+00
1.000600961538461592e-01
1.000000000000000000e+00
4.214489863469050412e+00
1.020633012820512803e-01
4.000000000000000000e+00
4.963933211106520638e+00
9.985977564102564707e-02
8.000000000000000000e+00
3.406784442754892339e+00
1.074719551282051350e-01
1.100000000000000000e+01
5.347774346669514678e+00
1.000600961538461592e-01
1.500000000000000000e+01
3.842219566687559595e+00
1.000600961538461592e-01
1.800000000000000000e+01
2.906237143736619011e+00
1.156850961538461592e-01
2.100000000000000000e+01
2.888989100089439876e+00
1.001602564102564152e-01
2.500000000000000000e+01
3.084913229330992213e+00
1.000600961538461592e-01
2.800000000000000000e+01
2.706357515775240419e+00
1.001602564102564152e-01
4.000000000000000000e+00
2.323925904738597392e+00
1.913060897435897301e-01
4.000000000000000000e+00
2.201915471981733319e+00
1.468349358974359031e-01
1.000000000000000000e+00
3.900238758478409284e+00
1.265024038461538547e-01
4.000000000000000000e+00
5.962358242426162747e+00
1.001602564102564152e-01
1.000000000000000000e+00
4.356052863292204869e+00
1.323116987179487059e-01
4.000000000000000000e+00
7.926613538693159100e+00
9.995993589743590313e-02
8.000000000000000000e+00
8.900579110170022901e+00
9.985977564102564707e-02
1.100000000000000000e+01
8.080342329465425522e+00
9.965945512820513497e-02
1.000000000000000000e+00
2.226225736813667311e+00
1.888020833333333426e-01
4.000000000000000000e+00
4.985998190366304428e+00
1.013621794871794879e-01
8.000000000000000000e+00
6.224709339630909888e+00
1.000600961538461592e-01
3.500000000000000000e+01
3.307609888223501216e+00
9.995993589743590313e-02
3.800000000000000000e+01
3.019126415252685547e+00
1.000600961538461592e-01
4.100000000000000000e+01
3.060941806206336491e+00
1.001602564102564152e-01
1.000000000000000000e+00
9.806913061019701949e-01
6.675681089743589203e-01
4.000000000000000000e+00
7.767590009249173422e-01
7.379807692307692735e-01
8.000000000000000000e+00
5.664976468453040148e-01
8.161057692307692735e-01
1.100000000000000000e+01
5.034421437825912227e-01
8.483573717948718063e-01
1.100000000000000000e+01
5.138287192735916387e-01
8.423477564102563875e-01
1.500000000000000000e+01
4.554550770001533633e-01
8.762019230769231282e-01
1.800000000000000000e+01
4.359927544227013008e-01
9.015424679487179516e-01
2.100000000000000000e+01
4.161958151902908076e-01
9.144631410256410797e-01
2.500000000000000000e+01
4.053658667283180361e-01
9.178685897435897578e-01
2.800000000000000000e+01
4.208315503902924637e-01
9.187700320512820484e-01
3.100000000000000000e+01
4.408620106868254562e-01
9.190705128205127750e-01
3.500000000000000000e+01
4.473590056101481305e-01
9.189703525641025328e-01
3.800000000000000000e+01
4.536513716746599090e-01
9.184695512820513219e-01
4.100000000000000000e+01
4.587473120444860442e-01
9.185697115384615641e-01
